1 1819907 6 0 1
1 1850147 60 0 1
1 1850147 136 0 1
1 1850147 68 0 0
1 1850147 136 0 1
1 1850147 68 0 1
1 1850147 68 0 1
1 1850147 40 0 1
1 1668341 80 0 0
1 0 160 1 1
1 1809858 3 0 0
1 0 23 0 0
1 1809858 8 0 0
1 0 13 0 1
1 1264527 80 1 0
1 0 14 1 1
1 1850147 56 0 0
1 1850147 38 0 1
1 1850147 52 0 0
1 1850147 48 0 0
1 0 13 0 1
1 5392171 52 1 1
1 1850147 28 0 0
0 1850147 20 0 1
1 1850147 120 0 1
1 1273294 4 1 1
1 1850147 832 0 1
1 0 2 0 1
1 1816670 12 1 1
1 0 120 0 1
1 0 104 0 0
1 0 120 0 1
1 0 704 0 1
1 0 10 0 1
0 1581130 37 0 0
1 1808775 47 0 0
0 0 26 0 0
1 0 352 0 0
1 0 5 0 0
1 0 48 0 1
1 0 20 0 1
1 0 10 0 1
1 0 10 0 0
1 1808775 40 0 1
1 1808775 11 0 0
1 0 26 0 1
1 0 50 0 1
1 1274746 54 0 0
1 1799962 50 0 0
1 1796236 50 0 0
1 0 20 1 0
1 0 34 1 1
1 0 25 1 0
0 0 27 0 1
0 1273294 30 0 1
0 0 76 1 1
0 0 76 1 1
0 5375480 42 1 1
0 5100940 36 0 1
0 0 23 0 1
-1 3117735 32 0 0
-1 0 34 0 0
0 0 26 0 1
0 3436043 26 0 0
0 325303 30 0 1
0 0 17 0 1
0 0 39 0 1
0 0 13 0 1
0 2965353 23 0 1
0 2519240 23 0 1
0 0 28 0 0
0 1850147 136 0 1
0 1850147 152 0 1
0 1850147 136 0 0
0 0 28 0 0
0 0 13 0 0
0 0 24 0 1
1 0 77 0 0
1 0 77 0 0
1 0 77 0 1
1 0 32 0 1
1 0 93 0 1
1 0 61 0 1
1 0 109 0 1
1 1850147 14 0 0
1 5375480 15 1 0
1 5317058 31 0 0
1 1805753 14 0 0
0 5505411 31 0 0
1 4763793 26 0 0
0 479123 44 0 1
1 0 52 0 0
1 0 14 0 0
1 8608372 40 0 0
1 0 160 0 0
0 0 56 1 1
1 553915 80 1 1
1 0 160 0 0
1 1264527 80 1 0
0 0 32 0 0
1 1259012 39 0 1
-1 1275004 39 0 1
0 0 34 0 0
1 1808775 20 0 1
1 1796236 40 0 1
1 1808775 15 0 1
1 1816670 43 0 1
1 3448439 54 0 1
1 0 56 0 0
1 1809858 56 0 0
1 0 48 0 0
1 116402 50 0 0
1 524901 80 0 1
1 1277333 80 0 1
-1 2641827 43 0 1
1 2553604 80 1 0
1 1581130 80 0 0
1 0 32 0 0
1 1850147 92 0 1
1 1850147 14 0 0
0 0 74 1 0
1 0 32 0 1
1 0 32 0 1
1 0 32 0 1
1 0 32 0 1
1 0 32 0 1
1 0 32 0 1
1 0 32 0 1
1 0 32 0 1
1 0 32 0 1
1 0 93 0 0
1 0 93 0 0
1 0 93 0 0
1 0 61 0 0
1 0 105 0 0
1 0 109 0 1
1 0 109 0 0
1 0 109 0 0
1 5808079 20 1 1
1 0 32 0 1
1 0 32 0 1
1 0 32 0 1
1 0 32 0 0
1 1850147 14 0 0
1 1809858 8 0 0
1 0 50 0 0
1 0 32 0 1
1 0 32 0 0
1 0 32 0 1
1 0 32 0 1
1 0 32 0 0
1 0 8 0 0
1 0 13 0 0
1 0 43 0 0
1 0 13 0 1
1 0 13 0 0
1 0 30 0 1
1 0 50 0 0
1 0 16 0 0
1 0 62 0 0
1 1850147 14 0 0
1 1850147 30 0 1
1 1850147 13 0 0
1 1850147 30 0 1
1 1850147 7 0 0
1 1850147 30 0 1
1 1850147 128 0 1
1 1850147 272 0 1
1 0 30 0 0
0 4503157 32 1 1
1 0 160 0 0
1 0 42 0 0
1 0 13 0 0
1 0 32 0 1
1 1850147 50 0 1
1 0 46 0 1
1 0 46 0 1
1 0 120 0 1
1 0 120 0 1
1 0 120 0 1
1 0 120 0 1
1 0 112 0 1
1 0 112 0 0
1 0 30 0 0
1 0 8 0 1
1 1864007 44 0 0
0 1701668 56 0 0
0 1701668 38 0 0
0 1701668 240 0 1
0 1701668 24 0 1
1 0 13 0 1
1 0 13 0 1
1 0 13 0 1
1 0 13 0 1
1 0 13 0 1
1 0 13 0 1
1 0 13 0 1
1 0 13 0 0
1 0 13 0 0
1 0 13 0 0
1 0 13 0 0
1 0 13 0 0
1 0 13 0 0
1 1850147 240 0 1
1 0 32 0 1
1 0 32 0 0
1 0 32 0 0
1 0 32 0 0
1 1850147 11 0 1
1 1850147 11 0 1
1 1850147 10 0 0
1 0 168 0 1
1 0 168 0 1
1 0 168 0 1
1 0 168 0 1
1 0 160 0 1
1 0 32 0 0
1 0 32 0 1
1 0 32 0 1
1 0 32 0 1
1 0 32 0 1
1 0 32 0 1
1 0 32 0 1
1 0 32 0 1
1 0 32 0 1
1 0 32 0 1
1 0 32 0 0
1 0 32 0 0
1 0 32 0 0
1 0 32 0 0
1 0 32 0 0
1 0 32 0 0
1 0 8 0 1
0 1701668 18 0 0
1 0 2 0 1
1 1850147 68 0 1
1 0 13 0 1
1 0 13 0 1
1 0 13 0 1
1 0 13 0 1
1 0 13 0 1
1 0 13 0 0
1 0 13 0 0
1 0 13 0 0
0 1852085 136 0 1
0 1852085 128 0 1
0 1852085 120 0 1
1 0 17 0 1
1 0 17 0 1
0 1852085 1600 0 1
0 1852085 1600 0 1
0 1852085 768 0 1
0 1852085 229376 0 0
0 1852085 14 0 1
0 1850147 136 0 0
1 0 14 0 1
1 1819907 14 0 1
0 1850147 136 0 0
0 1850147 136 0 0
1 1850147 128 0 1
0 1852085 22528 0 1
0 1852085 22528 0 1
0 1852085 47104 0 1
0 1852085 432 0 1
0 1852085 10752 0 0
0 1852085 120 0 0
0 1852085 90112 0 1
0 1852085 30 0 1
0 1852085 104 0 1
0 1852085 160 0 1
0 1852085 160 0 1
1 0 32 0 0
1 0 32 0 0
1 0 32 0 0
1 0 32 0 0
1 0 32 0 1
1 0 32 0 1
1 0 32 0 0
1 1850147 60 0 1
1 0 32 0 1
1 0 32 0 1
1 0 32 0 1
1 0 32 0 1
1 0 32 0 1
1 0 32 0 1
1 0 32 0 1
1 0 32 0 1
1 0 32 0 1
1 0 32 0 1
1 0 32 0 1
1 0 32 0 1
1 0 32 0 1
1 0 32 0 0
0 1701668 25 0 0
1 1850147 20 0 1
1 0 32 0 1
1 1850147 14 0 0
0 1701668 27 0 0
0 1701668 24 0 1
0 1701668 36 0 1
0 1701668 30 0 0
0 1701668 16 0 0
0 1701668 40 0 0
0 1701668 240 0 1
1 0 50 0 0
1 1850147 43 0 0
1 0 32 0 1
1 0 32 0 1
1 0 32 0 1
1 0 32 0 1
1 0 32 0 1
1 0 32 0 0
1 0 32 0 0
1 0 32 0 0
0 1852085 800 0 1
0 1852085 36 0 0
0 1852085 28 0 1
0 1852085 28 0 1
0 1852085 24 0 1
0 1852085 26 0 1
0 1852085 36 0 1
0 1852085 34 0 1
0 1852085 24 0 0
0 1852085 30 0 1
0 1852085 14 0 1
0 1852085 14 0 1
1 1819907 6 0 1
0 1852085 180224 0 1
0 1852085 12 0 1
0 1852085 12 0 1
1 1850147 272 0 1
1 1850147 60 0 1
0 1852085 240 0 1
0 1852085 240 0 1
0 1852085 26 0 1
1 1850147 272 0 1
1 0 120 0 1
1 0 120 0 0
1 0 48 0 1
1 0 46 0 1
1 0 44 0 1
1 0 46 0 1
0 1852085 229376 0 0
0 1852085 136 0 1
0 1852085 136 0 1
0 1852085 104 0 1
0 1852085 180224 0 1
0 1852085 1536 0 1
0 1852085 212992 0 1
1 3530597 23 0 0
0 0 44 0 0
1 1808775 37 0 1
1 4283133 32 0 0
0 3112989 23 0 1
0 264371 39 0 1
1 4464368 56 0 0
1 1808775 14 0 0
1 1791388 11 0 1
1 1808775 14 0 0
1 1808775 25 0 0
1 1808926 47 0 0
1 5122520 9 0 0
1 1784658 25 0 0
1 0 56 0 0
1 1816670 21 0 1
1 1791247 18 0 1
1 0 11 0 0
1 3674962 37 0 0
1 1529102 48 0 0
1 1791247 14 0 0
1 0 56 0 0
1 0 50 0 1
1 1808775 46 0 0
1 1791247 38 0 1
1 1808775 46 0 1
1 3936456 50 0 1
1 0 49 0 0
1 0 58 0 1
1 1816670 11 0 0
1 0 42 0 0
1 1808926 8 0 0
1 3871336 50 0 1
1 1816670 50 0 0
1 1816670 17 0 1
1 1808775 46 0 1
1 0 56 0 1
1 1805753 41 0 1
1 2013159 54 0 0
1 625144 50 0 1
1 0 50 0 0
1 4200849 56 0 0
1 0 52 0 1
1 1280737 54 0 0
1 0 60 0 0
1 0 56 0 0
1 1850147 20 0 1
1 2240449 50 0 1
1 0 32 0 1
1 0 13 0 1
1 0 13 0 1
1 1850147 208 0 1
1 0 13 0 0
1 0 62 0 1
1 1850147 544 0 0
1 0 37 0 1
1 1850147 272 0 0
1 1850147 30 0 0
1 1850147 30 0 1
1 1850147 30 0 1
1 1850147 30 0 1
1 5317058 80 0 1
1 1850147 22 0 0
1 0 32 0 1
1 0 32 0 1
0 2657896 29 1 0
1 0 32 0 1
1 0 32 0 1
1 0 32 0 1
1 0 13 0 0
1 1850147 34 0 1
1 0 11 0 1
1 0 13 0 1
1 0 13 0 0
1 0 13 0 0
1 0 32 0 1
1 1850147 136 0 0
1 1850147 64 0 1
1 1850147 480 0 1
1 1850147 480 0 1
1 5808079 8 1 0
1 0 13 0 1
1 0 13 0 1
1 0 13 0 0
1 1850147 58 0 0
1 1850147 20 0 0
1 1850147 60 0 0
1 1850147 60 0 1
1 0 16 0 0
0 0 15 0 1
1 0 2 0 0
1 1861954 28 0 1
1 1850147 480 0 0
1 1850147 30 0 1
0 0 20 1 1
1 1816670 16 1 0
1 1808775 42 0 0
1 1809858 58 0 1
1 5392171 58 0 0
1 1815286 58 0 1
1 0 14 0 0
1 0 14 0 0
1 0 14 0 0
1 1850147 1920 0 0
1 1850147 1920 0 1
1 1850147 1920 0 0
1 1850147 1920 0 0
1 1850147 1920 0 1
1 1850147 1920 0 1
1 1850147 1920 0 0
1 1850147 104 0 1
1 1850147 104 0 1
1 1850147 104 0 1
1 1850147 104 0 0
1 1850147 104 0 0
1 1850147 104 0 1
1 1850147 104 0 1
1 1850147 104 0 0
1 1864007 44 0 1
1 1864007 44 0 0
1 0 42 0 0
1 1850147 1920 0 0
1 2950159 33 0 1
1 1850147 240 0 0
1 1850147 240 0 0
1 0 6 0 0
1 0 112 0 0
1 0 112 0 1
1 0 112 0 1
1 0 13 0 1
1 0 13 0 1
1 0 13 0 1
1 0 13 0 1
1 0 13 0 1
1 0 13 0 1
1 0 13 0 1
1 0 13 0 0
0 1259425 32 0 1
1 1850147 28 0 0
1 1850147 26 0 0
1 1850147 11 0 1
1 1850147 11 0 0
1 1850147 11 0 0
1 1850147 11 0 1
1 0 14 0 0
1 0 14 0 1
1 1850147 1920 0 0
1 1850147 1920 0 0
1 1850147 104 0 0
1 1864007 136 1 1
1 1864007 88 1 1
1 1864007 272 1 1
1 1850147 60 0 0
1 1850147 104 0 1
1 1850147 120 0 0
1 1864007 68 1 0
0 0 23 0 1
0 0 39 0 1
1 1784658 35 0 0
1 0 16 0 1
1 0 16 0 1
1 0 16 0 1
1 1864007 136 1 1
1 1864007 136 1 1
1 1864007 60 1 1
1 1864007 48 1 1
1 1864007 160 1 0
1 1864007 36 1 1
1 1864007 36 1 0
1 1864007 136 1 1
1 1864007 36 1 1
1 1864007 68 1 0
1 0 69 1 1
1 0 69 1 1
0 1277333 37 0 1
1 0 16 0 0
1 1668341 56 0 1
1 0 33 0 0
0 0 34 0 0
0 4158476 30 0 0
1 0 54 0 1
0 4906125 39 0 1
1 0 10 1 1
1 1808775 58 0 1
1 1816670 16 0 0
1 0 19 0 1
1 0 24 0 1
1 0 26 0 1
1 0 21 1 0
1 0 21 1 0
0 6945426 39 0 1
1 1496511 11 0 1
1 1805528 37 0 0
0 264371 39 0 1
1 0 50 0 0
1 5128581 50 0 1
1 0 43 0 1
1 0 43 0 1
1 1273294 4 1 1
0 472045 26 0 1
1 0 50 0 1
1 1864007 64 1 0
1 1850147 208 0 1
1 1864007 36 1 1
0 1581130 26 0 0
1 1850147 15 0 1
1 1850147 15 0 1
1 1850147 15 0 0
1 1850147 15 0 0
1 1850147 15 0 0
1 1864007 36 1 0
1 1850147 60 0 0
1 1850147 104 0 1
1 1850147 120 0 1
1 1850147 120 0 1
0 0 37 0 0
1 0 52 0 1
1 1809858 15 1 0
1 2267057 50 0 0
1 1864007 34 1 0
1 1864007 34 1 0
1 1864007 80 1 1
1 5110629 30 1 0
1 1864007 32 1 0
1 1864007 32 1 1
1 1864007 136 1 1
1 1864007 136 1 1
1 1864007 16 1 0
1 1864007 16 1 0
1 1864007 16 1 0
1 1864007 136 1 1
1 1864007 18 1 0
1 1864007 18 1 0
1 1864007 36 1 1
1 1864007 136 1 1
1 1864007 68 1 0
1 1864007 72 1 0
1 1864007 72 1 0
1 1864007 36 1 0
1 1864007 36 1 1
1 1864007 36 1 1
1 1864007 72 1 1
1 1864007 72 1 1
1 1864007 144 1 0
1 1864007 136 1 1
1 1864007 60 1 1
1 1864007 60 1 1
1 1864007 52 1 1
1 1864007 48 1 0
1 0 176 0 1
1 0 176 0 0
1 0 100 0 1
1 0 24 0 1
1 0 160 0 1
1 0 28 0 1
1 1864007 34 1 1
1 1864007 34 1 0
1 1864007 80 1 1
1 1864007 36 1 1
1 1864007 15 1 0
1 1864007 15 1 0
1 1864007 136 1 1
1 1864007 144 1 0
1 1864007 36 1 1
1 1864007 72 1 0
1 1864007 36 1 1
1 1864007 68 1 1
0 1581130 26 0 1
1 1864007 136 1 1
1 1864007 52 1 0
1 1642911 35 0 0
1 1864007 120 1 0
1 1864007 136 1 1
1 5392171 52 1 1
1 1850147 48 0 0
1 1850147 48 0 0
1 1850147 30 0 1
1 1850147 480 0 1
1 1850147 480 0 1
1 1850147 480 0 1
1 1850147 480 0 1
1 1850147 480 0 1
0 3129136 23 0 1
1 0 44 0 1
1 0 13 0 1
1 0 13 0 0
1 0 13 0 0
1 1850147 32 0 0
1 1864007 28 1 0
1 1864007 72 1 0
1 1850147 240 0 1
1 1850147 240 0 1
1 1864007 136 1 1
1 1864007 36 1 1
1 1864007 272 1 0
1 1864007 144 1 1
1 0 47 0 0
1 1850147 960 0 1
1 1850147 1920 0 1
1 1850147 416 0 1
1 1850147 1920 0 1
1 1850147 1920 0 1
1 0 13 0 1
1 0 13 0 1
1 0 13 0 1
1 0 32 0 1
0 1701668 23 0 1
0 1850147 136 0 1
1 0 32 0 1
0 1852085 22 0 1
1 0 48 0 1
0 1852085 22528 0 1
0 1852085 2304 0 1
1 0 13 0 1
1 0 2 0 1
1 1850147 120 0 1
1 1864007 144 1 1
1 1864007 68 1 1
1 1864007 80 1 1
1 1864007 32 1 1
1 1864007 36 1 1
1 1864007 68 1 1
1 5110629 58 0 0
1 1808775 14 0 1
1 1816670 16 0 1
0 0 26 0 0
0 0 23 0 1
0 1880252 147 0 1
0 0 36 0 0
0 1850147 272 0 1
0 0 23 0 1
0 792680 23 0 1
0 0 23 0 1
0 0 38 0 0
1 563464 80 1 1
1 1864007 44 0 0
1 1864007 44 0 1
1 1864007 44 0 1
1 1864007 44 0 0
1 1850147 960 0 1
1 1850147 960 0 1
1 1850147 960 0 1
1 1850147 960 0 0
1 1850147 960 0 1
1 1850147 960 0 0
1 1850147 1920 0 1
1 1850147 1920 0 1
1 1850147 1920 0 1
1 1850147 1920 0 1
1 1850147 240 0 1
1 1850147 240 0 1
1 1850147 240 0 1
1 1850147 240 0 1
1 1850147 240 0 1
1 1850147 240 0 0
1 1850147 240 0 1
1 1850147 240 0 1
1 1850147 104 0 1
1 1850147 104 0 0
1 1850147 416 0 1
1 1850147 416 0 0
1 1850147 416 0 0
1 1850147 416 0 0
1 1850147 416 0 1
1 1850147 416 0 0
1 1850147 416 0 0
1 1850147 416 0 0
0 3936456 23 0 1
1 0 32 0 1
1 0 32 0 1
1 0 32 0 1
1 0 32 0 0
1 5368361 34 1 1
1 1850147 480 0 1
1 1850147 60 0 1
1 1864007 144 1 1
1 0 14 0 1
1 0 14 0 1
1 0 14 0 1
1 0 176 0 1
1 0 176 0 1
1 0 176 0 1
1 0 176 0 0
1 0 176 0 0
1 0 7 0 0
1 0 7 0 0
1 1819907 6 0 0
1 1819907 6 0 0
1 1819907 6 0 1
1 1850147 272 0 1
0 1850147 136 0 1
1 0 14 0 1
0 1850147 136 0 1
0 1850147 1088 0 1
1 1850147 136 0 1
1 1850147 136 0 1
1 1850147 272 0 0
1 1850147 136 0 0
1 1850147 272 0 0
1 1850147 136 0 0
0 1850147 1088 0 1
1 1850147 128 0 1
1 1850147 152 0 1
1 1850147 136 0 1
1 1850147 272 0 1
0 1850147 68 0 1
1 1850147 272 0 0
1 1850147 136 0 1
1 1850147 136 0 0
1 1850147 480 0 1
1 1850147 480 0 1
1 1850147 480 0 1
1 1850147 68 0 0
1 1850147 136 0 1
1 1850147 23 0 1
1 108410 38 0 1
1 108410 38 0 1
1 0 44 0 0
1 1864007 36 1 0
1 1864007 192 1 1
1 1864007 36 1 0
1 1864007 36 1 1
1 1864007 36 1 1
1 1850147 22 0 1
1 0 46 0 0
0 5368361 23 0 0
1 1864007 68 1 1
1 0 30 0 1
1 1816670 20 1 0
1 1816670 27 0 0
1 2037013 44 0 1
1 0 10 0 1
1 0 41 0 1
0 2513859 23 0 1
1 1609350 58 0 0
1 0 40 0 0
1 1805753 33 0 1
1 0 27 0 0
1 0 15 0 0
1 1809858 20 0 0
1 1791247 18 0 1
1 1808775 47 0 0
1 0 38 0 0
1 0 60 0 0
1 0 54 0 0
1 1799962 58 0 1
1 0 60 0 1
1 5128581 58 0 0
1 2013159 58 0 1
1 4699066 58 0 1
1 5937615 58 0 1
1 5175865 58 0 0
0 2968053 28 1 0
0 4180439 49 0 0
0 5406976 46 0 1
1 1795565 14 1 1
0 5375480 31 0 0
0 5400075 56 1 1
0 2968053 24 1 1
1 0 32 0 0
0 5368361 43 0 1
1 2028462 5 0 1
0 1819064 7 0 0
0 0 51 0 1
0 0 47 1 0
1 1581130 80 0 1
1 2759794 21 1 0
1 0 80 1 0
1 0 60 0 0
1 0 80 0 0
1 1805753 58 0 1
1 1816670 46 0 0
1 1808775 60 0 0
1 0 80 1 1
1 0 160 0 1
0 0 15 0 1
1 1581130 80 0 1
1 0 32 0 1
1 0 32 0 1
1 0 32 0 1
1 0 32 0 1
1 0 32 0 1
1 0 32 0 1
0 0 23 0 1
1 0 32 0 0
1 0 32 0 0
1 0 32 0 0
1 0 32 0 1
1 0 32 0 1
1 0 32 0 1
1 0 32 0 1
1 0 32 0 1
1 0 32 0 0
1 0 32 0 0
1 0 32 0 0
0 0 12 0 0
0 0 32 0 1
0 0 21 0 0
0 0 21 0 0
0 0 24 0 0
0 0 32 0 0
0 0 32 0 1
0 0 17 0 1
1 0 32 0 1
1 0 32 0 1
1 0 32 0 1
1 1850147 960 0 0
1 1850147 1920 0 1
1 1850147 240 0 1
1 1850147 240 0 1
1 1850147 240 0 1
1 1850147 240 0 1
1 1850147 30 0 0
1 1850147 416 0 1
1 1850147 416 0 0
1 1850147 416 0 0
1 1853058 100 0 1
1 1864007 44 0 1
1 0 14 0 0
1 0 14 0 0
1 1850147 1920 0 1
1 1850147 26 0 1
1 1850147 104 0 1
1 1850147 104 0 1
1 1850147 104 0 1
1 1850147 104 0 0
1 1835848 39 1 0
1 1864007 44 0 1
1 1864007 44 0 1
1 1864007 15 1 1
1 1864007 15 1 1
1 1850147 960 0 1
1 1850147 240 0 1
1 1850147 416 0 1
1 1850147 416 0 0
1 0 112 0 0
1 0 104 0 1
1 1853058 104 0 0
1 0 13 0 1
1 0 13 0 1
1 0 13 0 1
1 0 13 0 1
1 0 13 0 0
1 0 13 0 0
0 0 23 0 1
0 0 23 0 1
1 0 14 0 0
1 1850147 120 0 0
1 1850147 192 0 1
1 1850147 30 0 0
1 1850147 30 0 0
1 0 14 0 1
1 0 14 0 0
1 1850147 52 0 0
1 1850147 1920 0 1
1 1850147 104 0 1
1 1850147 104 0 1
1 0 176 0 1
1 0 176 0 1
1 0 176 0 0
1 0 176 0 0
1 0 48 0 1
1 0 2 0 1
1 1861954 28 0 0
1 1864007 64 1 0
1 1864007 144 1 0
1 1864007 144 1 0
1 1864007 68 1 0
1 1850147 30 0 0
1 1864007 36 1 1
1 1850147 120 0 0
1 1850147 26 0 1
1 1850147 60 0 0
1 1850147 480 0 1
1 1850147 480 0 1
1 1850147 480 0 1
1 1850147 44 0 1
1 1850147 120 0 1
1 1850147 60 0 1
1 1850147 60 0 1
0 0 23 0 1
0 0 23 0 1
1 1850147 32 0 1
1 1850147 832 0 0
1 0 2 0 0
1 1850147 96 0 0
1 1850147 30 0 1
1 0 80 1 0
1 1864007 160 1 1
1 1864007 36 1 0
1 1850147 240 0 1
1 1850147 480 0 1
1 0 136 0 1
0 0 15 0 1
1 1850147 480 0 0
1 1850147 15 0 0
1 1850147 60 0 0
0 3871336 23 0 0
0 4066844 23 0 0
1 0 20 0 0
0 0 32 0 1
1 1850147 30 0 0
1 1864007 34 1 0
1 1819907 58 0 0
1 1864007 72 1 1
1 1864007 136 1 1
1 1864007 14 1 1
1 1864007 208 1 1
1 1864007 36 1 0
1 1864007 64 1 0
1 0 20 0 0
1 1850147 120 0 0
1 1864007 36 1 1
1 1850147 240 0 1
1 1850147 30 0 0
1 1850147 60 0 1
0 1273294 23 0 0
0 2644668 23 0 1
1 0 58 0 1
1 0 55 0 1
0 1852085 672 0 0
1 0 41 0 1
0 1852085 104 0 1
1 0 60 0 1
0 1852085 28 0 1
0 1852085 256 0 1
0 1852085 24 0 1
1 0 13 0 1
1 0 13 0 0
1 0 13 0 0
1 0 13 0 0
1 1850147 1920 0 1
1 0 32 0 1
1 0 32 0 0
1 1850147 26 0 0
1 1850147 480 0 0
